% letters is inputed to the matrix with the follow:
% [a1;b1;c1;d1;e1;j1;k1;a2;b2; ... ;k3]
% samples = [1,1,0,0;0,0,0,1;1,0,0,0;0,0,1,1];
pattern = zeros(21,1);
pattern = {'A1','A2','A3','B1','B2','B3','C1','C2','C3','D1','D2','D3','E1','E2','E3','J1','J2','J3','K1','K2','K3'};
samples = [
 0, 0, 1, 1, 0, 0, 0, 0, 0, 0, 1, 0, 0, 0, 0, 0, 0, 1, 0, 0, 0, 0, 0, 1, 0, 1, 0, 0, 0, 0, 1, 0, 1, 0, 0, 0, 1, 1, 1, 1, 1, 0, 0, 1, 0, 0, 0, 1, 0, 0, 1, 0, 0, 0, 1, 0, 1, 1, 1, 0, 1, 1, 1;
 0, 0, 0, 1, 0, 0, 0, 0, 0, 0, 1, 0, 0, 0, 0, 0, 0, 1, 0, 0, 0, 0, 0, 1, 0, 1, 0, 0, 0, 0, 1, 0, 1, 0, 0, 0, 1, 0, 0, 0, 1, 0, 0, 1, 1, 1, 1, 1, 0, 0, 1, 0, 0, 0, 1, 0, 0, 1, 0, 0, 0, 1, 0;
 0, 0, 0, 1, 0, 0, 0, 0, 0, 0, 1, 0, 0, 0, 0, 0, 1, 0, 1, 0, 0, 0, 0, 1, 0, 1, 0, 0, 0, 1, 0, 0, 0, 1, 0, 0, 1, 1, 1, 1, 1, 0, 1, 0, 0, 0, 0, 0, 1, 1, 0, 0, 0, 0, 0, 1, 1, 1, 0, 0, 0, 1, 1;
 1, 1, 1, 1, 1, 1, 0, 0, 1, 0, 0, 0, 0, 1, 0, 1, 0, 0, 0, 0, 1, 0, 1, 0, 0, 0, 0, 1, 0, 1, 1, 1, 1, 1, 0, 0, 1, 0, 0, 0, 0, 1, 0, 1, 0, 0, 0, 0, 1, 0, 1, 0, 0, 0, 0, 1, 1, 1, 1, 1, 1, 1, 0;
 1, 1, 1, 1, 1, 1, 0, 1, 0, 0, 0, 0, 0, 1, 1, 0, 0, 0, 0, 0, 1, 1, 0, 0, 0, 0, 0, 1, 1, 1, 1, 1, 1, 1, 0, 1, 0, 0, 0, 0, 0, 1, 1, 0, 0, 0, 0, 0, 1, 1, 0, 0, 0, 0, 0, 1, 1, 1, 1, 1, 1, 1, 0;
 1, 1, 1, 1, 1, 1, 0, 0, 1, 0, 0, 0, 0, 1, 0, 1, 0, 0, 0, 0, 1, 0, 1, 1, 1, 1, 1, 0, 0, 1, 0, 0, 0, 0, 1, 0, 1, 0, 0, 0, 0, 1, 0, 1, 0, 0, 0, 0, 1, 0, 1, 0, 0, 0, 0, 1, 1, 1, 1, 1, 1, 1, 0;
 0, 0, 1, 1, 1, 1, 1, 0, 1, 0, 0, 0, 0, 1, 1, 0, 0, 0, 0, 0, 0, 1, 0, 0, 0, 0, 0, 0, 1, 0, 0, 0, 0, 0, 0, 1, 0, 0, 0, 0, 0, 0, 1, 0, 0, 0, 0, 0, 0, 0, 1, 0, 0, 0, 0, 1, 0, 0, 1, 1, 1, 1, 0;
 0, 0, 1, 1, 1, 0, 0, 0, 1, 0, 0, 0, 1, 0, 1, 0, 0, 0, 0, 0, 1, 1, 0, 0, 0, 0, 0, 0, 1, 0, 0, 0, 0, 0, 0, 1, 0, 0, 0, 0, 0, 0, 1, 0, 0, 0, 0, 0, 1, 0, 1, 0, 0, 0, 1, 0, 0, 0, 1, 1, 1, 0, 0;
 0, 0, 1, 1, 1, 0, 1, 0, 1, 0, 0, 0, 1, 1, 1, 0, 0, 0, 0, 0, 1, 1, 0, 0, 0, 0, 0, 0, 1, 0, 0, 0, 0, 0, 0, 1, 0, 0, 0, 0, 0, 0, 1, 0, 0, 0, 0, 0, 1, 0, 1, 0, 0, 0, 1, 0, 0, 0, 1, 1, 1, 0, 0;
 1, 1, 1, 1, 1, 0, 0, 0, 1, 0, 0, 0, 1, 0, 0, 1, 0, 0, 0, 0, 1, 0, 1, 0, 0, 0, 0, 1, 0, 1, 0, 0, 0, 0, 1, 0, 1, 0, 0, 0, 0, 1, 0, 1, 0, 0, 0, 0, 1, 0, 1, 0, 0, 0, 1, 0, 1, 1, 1, 1, 1, 0, 0;
 1, 1, 1, 1, 1, 0, 0, 1, 0, 0, 0, 0, 1, 0, 1, 0, 0, 0, 0, 0, 1, 1, 0, 0, 0, 0, 0, 1, 1, 0, 0, 0, 0, 0, 1, 1, 0, 0, 0, 0, 0, 1, 1, 0, 0, 0, 0, 0, 1, 1, 0, 0, 0, 0, 1, 0, 1, 1, 1, 1, 1, 0, 0;
 1, 1, 1, 1, 1, 0, 0, 0, 1, 0, 0, 0, 1, 0,0, 1, 0, 0, 0, 0, 1,0, 1, 0, 0, 0, 0, 1,0, 1, 0, 0, 0, 0, 1,0, 1, 0, 0, 0, 0, 1, 0, 1, 0, 0, 0, 0, 1, 0, 1, 0, 0, 0, 1, 0, 1, 1, 1, 1, 1, 0, 0;
 1, 1, 1, 1, 1, 1, 1,0, 1, 0, 0, 0, 0, 1,0, 1, 0, 0, 0, 0, 0,0, 1, 0, 1, 0, 0, 0,0, 1, 1, 1, 0, 0, 0,0, 1, 0, 1, 0, 0, 0,0, 1, 0, 0, 0, 0, 0,0, 1, 0, 0, 0, 0, 1,1, 1, 1, 1, 1, 1, 1;
 1, 1, 1, 1, 1, 1, 1,1, 0, 0, 0, 0, 0, 0,1, 0, 0, 0, 0, 0, 0,1, 0, 0, 0, 0, 0, 0,1, 1, 1, 1, 0, 0, 0,1, 0, 0, 0, 0, 0, 0,1, 0, 0, 0, 0, 0, 0,1, 0, 0, 0, 0, 0, 0,1, 1, 1, 1, 1, 1, 1;
 1, 1, 1, 1, 1, 1, 1,0, 1, 0, 0, 0, 0, 0,0, 1, 0, 1, 0, 0, 0,0, 1, 1, 1, 0, 0, 0,0, 1, 0, 1, 0, 0, 0,0, 1, 0, 0, 0, 0, 0,0, 1, 0, 0, 0, 0, 0,0, 1, 0, 0, 0, 0, 0,1, 1, 1, 1, 1, 1, 1;
 0, 0, 0, 1, 1, 1, 1,0, 0, 0, 0, 0, 1, 0,0, 0, 0, 0, 0, 1, 0,0, 0, 0, 0, 0, 1, 0,0, 0, 0, 0, 0, 1, 0,0, 0, 0, 0, 0, 1, 0,0, 1, 0, 0, 0, 1, 0,0, 1, 0, 0, 0, 1, 0,0, 0, 1, 1, 1, 0, 0;
 0, 0, 0, 0, 0, 1, 0, 0, 0, 0, 0, 0, 1, 0,0, 0, 0, 0, 0, 1, 0,0, 0, 0, 0, 0, 1, 0,0, 0, 0, 0, 0, 1, 0,0, 0, 0, 0, 0, 1, 0,0, 1, 0, 0, 0, 1, 0,0, 1, 0, 0, 0, 1, 0,0, 0, 1, 1, 1, 0, 0;
 0, 0, 0, 0, 1, 1, 1,0, 0, 0, 0, 0, 1, 0, 0, 0, 0, 0, 0, 1, 0, 0, 0, 0, 0, 0, 1, 0, 0, 0, 0, 0, 0, 1, 0, 0, 0, 0, 0, 0, 1, 0, 0, 0, 0, 0, 0, 1, 0, 0, 1, 0, 0, 0, 1, 0,0, 0, 1, 1, 1, 0, 0;
 1, 1, 1, 0, 0, 1, 1,0, 1, 0, 0, 1, 0, 0,0, 1, 0, 1, 0, 0, 0,0, 1, 1, 0, 0, 0, 0,0, 1, 1, 0, 0, 0, 0,0, 1, 0, 1, 0, 0, 0,0, 1, 0, 0, 1, 0, 0,0, 1, 0, 0, 0, 1, 0,1, 1, 1, 0, 0, 1, 1;
 1, 0, 0, 0, 0, 1, 0,1, 0, 0, 0, 1, 0, 0,1, 0, 0, 1, 0, 0, 0,1, 0, 1, 0, 0, 0, 0,1, 1, 0, 0, 0, 0, 0,1, 0, 1, 0, 0, 0, 0,1, 0, 0, 1, 0, 0, 0,1, 0, 0, 0, 1, 0, 0,1, 0, 0, 0, 0, 1, 0;
 1, 1, 1, 0, 0, 1, 1,0, 1, 0, 0, 0, 1, 0,0, 1, 0, 0, 1, 0, 0,0, 1, 0, 1, 0, 0, 0,0, 1, 1, 0, 0, 0, 0,0, 1, 0, 1, 0, 0, 0,0, 1, 0, 0, 1, 0, 0,0, 1, 0, 0, 0, 1, 0,1, 1, 1, 0, 0, 1, 1]; 
 
% 
% a1 = [ 0, 0, 1, 1, 0, 0, 0, 0, 0, 0, 1, 0, 0, 0, 0, 0, 0, 1, 0, 0, 0, 0, 0, 1, 0, 1, 0, 0, 0, 0, 1, 0, 1, 0, 0, 0, 1, 1, 1, 1, 1, 0, 0, 1, 0, 0, 0, 1, 0, 0, 1, 0, 0, 0, 1, 0, 1, 1, 1, 0, 1, 1, 1];
% 
% a2 = [ 0, 0, 0, 1, 0, 0, 0, 0, 0, 0, 1, 0, 0, 0, 0, 0, 0, 1, 0, 0, 0, 0, 0, 1, 0, 1, 0, 0, 0, 0, 1, 0, 1, 0, 0, 0, 1, 0, 0, 0, 1, 0, 0, 1, 1, 1, 1, 1, 0, 0, 1, 0, 0, 0, 1, 0, 0, 1, 0, 0, 0, 1, 0];
% 
% a3 = [ 0, 0, 0, 1, 0, 0, 0, 0, 0, 0, 1, 0, 0, 0, 0, 0, 1, 0, 1, 0, 0, 0, 0, 1, 0, 1, 0, 0, 0, 1, 0, 0, 0, 1, 0, 0, 1, 1, 1, 1, 1, 0, 1, 0, 0, 0, 0, 0, 1, 1, 0, 0, 0, 0, 0, 1, 1, 1, 0, 0, 0, 1, 1];
% 
% b1 = [ 1, 1, 1, 1, 1, 1, 0, 0, 1, 0, 0, 0, 0, 1, 0, 1, 0, 0, 0, 0, 1, 0, 1, 0, 0, 0, 0, 1, 0, 1, 1, 1, 1, 1, 0, 0, 1, 0, 0, 0, 0, 1, 0, 1, 0, 0, 0, 0, 1, 0, 1, 0, 0, 0, 0, 1, 1, 1, 1, 1, 1, 1, 0];
% 
% b2 = [ 1, 1, 1, 1, 1, 1, 0, 1, 0, 0, 0, 0, 0, 1, 1, 0, 0, 0, 0, 0, 1, 1, 0, 0, 0, 0, 0, 1, 1, 1, 1, 1, 1, 1, 0, 1, 0, 0, 0, 0, 0, 1, 1, 0, 0, 0, 0, 0, 1, 1, 0, 0, 0, 0, 0, 1, 1, 1, 1, 1, 1, 1, 0];
% 
% b3 = [ 1, 1, 1, 1, 1, 1, 0, 0, 1, 0, 0, 0, 0, 1, 0, 1, 0, 0, 0, 0, 1, 0, 1, 1, 1, 1, 1, 0, 0, 1, 0, 0, 0, 0, 1, 0, 1, 0, 0, 0, 0, 1, 0, 1, 0, 0, 0, 0, 1, 0, 1, 0, 0, 0, 0, 1, 1, 1, 1, 1, 1, 1, 0];
% 
% c1 = [ 0, 0, 1, 1, 1, 1, 1, 0, 1, 0, 0, 0, 0, 1, 1, 0, 0, 0, 0, 0, 0, 1, 0, 0, 0, 0, 0, 0, 1, 0, 0, 0, 0, 0, 0, 1, 0, 0, 0, 0, 0, 0, 1, 0, 0, 0, 0, 0, 0, 0, 1, 0, 0, 0, 0, 1, 0, 0, 1, 1, 1, 1, 0];
% 
% c2 = [ 0, 0, 1, 1, 1, 0, 0, 0, 1, 0, 0, 0, 1, 0, 1, 0, 0, 0, 0, 0, 1, 1, 0, 0, 0, 0, 0, 0, 1, 0, 0, 0, 0, 0, 0, 1, 0, 0, 0, 0, 0, 0, 1, 0, 0, 0, 0, 0, 1, 0, 1, 0, 0, 0, 1, 0, 0, 0, 1, 1, 1, 0, 0];
% 
% c3 = [ 0, 0, 1, 1, 1, 0, 1, 0, 1, 0, 0, 0, 1, 1, 1, 0, 0, 0, 0, 0, 1, 1, 0, 0, 0, 0, 0, 0, 1, 0, 0, 0, 0, 0, 0, 1, 0, 0, 0, 0, 0, 0, 1, 0, 0, 0, 0, 0, 1, 0, 1, 0, 0, 0, 1, 0, 0, 0, 1, 1, 1, 0, 0];
% 
% d1 = [ 1, 1, 1, 1, 1, 0, 0, 0, 1, 0, 0, 0, 1, 0, 0, 1, 0, 0, 0, 0, 1, 0, 1, 0, 0, 0, 0, 1, 0, 1, 0, 0, 0, 0, 1, 0, 1, 0, 0, 0, 0, 1, 0, 1, 0, 0, 0, 0, 1, 0, 1, 0, 0, 0, 1, 0, 1, 1, 1, 1, 1, 0, 0];
% 
% d2 = [ 1, 1, 1, 1, 1, 0, 0, 1, 0, 0, 0, 0, 1, 0, 1, 0, 0, 0, 0, 0, 1, 1, 0, 0, 0, 0, 0, 1, 1, 0, 0, 0, 0, 0, 1, 1, 0, 0, 0, 0, 0, 1, 1, 0, 0, 0, 0, 0, 1, 1, 0, 0, 0, 0, 1, 0, 1, 1, 1, 1, 1, 0, 0];
% 
% d3 = [ 1, 1, 1, 1, 1, 0, 0, 0, 1, 0, 0, 0, 1, 0,0, 1, 0, 0, 0, 0, 1,0, 1, 0, 0, 0, 0, 1,0, 1, 0, 0, 0, 0, 1,0, 1, 0, 0, 0, 0, 1, 0, 1, 0, 0, 0, 0, 1, 0, 1, 0, 0, 0, 1, 0, 1, 1, 1, 1, 1, 0, 0];
% 
% e1 = [ 1, 1, 1, 1, 1, 1, 1,0, 1, 0, 0, 0, 0, 1,0, 1, 0, 0, 0, 0, 0,0, 1, 0, 1, 0, 0, 0,0, 1, 1, 1, 0, 0, 0,0, 1, 0, 1, 0, 0, 0,0, 1, 0, 0, 0, 0, 0,0, 1, 0, 0, 0, 0, 1,1, 1, 1, 1, 1, 1, 1];
% 
% e2 = [ 1, 1, 1, 1, 1, 1, 1,1, 0, 0, 0, 0, 0, 0,1, 0, 0, 0, 0, 0, 0,1, 0, 0, 0, 0, 0, 0,1, 1, 1, 1, 0, 0, 0,1, 0, 0, 0, 0, 0, 0,1, 0, 0, 0, 0, 0, 0,1, 0, 0, 0, 0, 0, 0,1, 1, 1, 1, 1, 1, 1];
% 
% e3 = [ 1, 1, 1, 1, 1, 1, 1,0, 1, 0, 0, 0, 0, 0,0, 1, 0, 1, 0, 0, 0,0, 1, 1, 1, 0, 0, 0,0, 1, 0, 1, 0, 0, 0,0, 1, 0, 0, 0, 0, 0,0, 1, 0, 0, 0, 0, 0,0, 1, 0, 0, 0, 0, 0,1, 1, 1, 1, 1, 1, 1];
% 
% j1 = [ 0, 0, 0, 1, 1, 1, 1,0, 0, 0, 0, 0, 1, 0,0, 0, 0, 0, 0, 1, 0,0, 0, 0, 0, 0, 1, 0,0, 0, 0, 0, 0, 1, 0,0, 0, 0, 0, 0, 1, 0,0, 1, 0, 0, 0, 1, 0,0, 1, 0, 0, 0, 1, 0,0, 0, 1, 1, 1, 0, 0];
% 
% j2 = [ 0, 0, 0, 0, 0, 1, 0, 0, 0, 0, 0, 0, 1, 0,0, 0, 0, 0, 0, 1, 0,0, 0, 0, 0, 0, 1, 0,0, 0, 0, 0, 0, 1, 0,0, 0, 0, 0, 0, 1, 0,0, 1, 0, 0, 0, 1, 0,0, 1, 0, 0, 0, 1, 0,0, 0, 1, 1, 1, 0, 0];
% 
% j3 = [ 0, 0, 0, 0, 1, 1, 1,0, 0, 0, 0, 0, 1, 0, 0, 0, 0, 0, 0, 1, 0, 0, 0, 0, 0, 0, 1, 0, 0, 0, 0, 0, 0, 1, 0, 0, 0, 0, 0, 0, 1, 0, 0, 0, 0, 0, 0, 1, 0, 0, 1, 0, 0, 0, 1, 0,0, 0, 1, 1, 1, 0, 0];
